FrameID	ID	Label	x	y	z	w	h
0	1	person	673	159	1	64	161	
0	2	person	708	-3	1	40	67	
0	3	person	48	0	1	1.10756e+07	0	
1	4	person	673	159	1	64	161	
1	5	person	708	-3	1	40	67	
1	6	person	673	159	1	64	161	
1	7	person	708	-3	1	40	67	
1	8	person	80	0	1	561	0	
2	9	person	673	159	1	64	161	
2	10	person	708	-3	1	40	67	
2	11	person	673	159	1	64	161	
2	12	person	708	-3	1	40	67	
2	13	person	673	159	1	64	160	
2	14	person	708	-3	1	40	67	
2	15	person	112	0	1	97	0	
3	16	person	673	159	1	64	161	
3	17	person	708	-3	1	40	67	
3	18	person	673	159	1	64	161	
3	19	person	708	-3	1	40	67	
3	20	person	673	159	1	64	160	
3	21	person	708	-3	1	40	67	
3	22	person	671	160	1	67	159	
3	23	person	706	-2	1	41	66	
3	24	person	144	0	1	449	0	
4	25	person	673	159	1	64	161	
4	26	person	708	-3	1	40	67	
4	27	person	673	159	1	64	161	
4	28	person	708	-3	1	40	67	
4	29	person	673	159	1	64	160	
4	30	person	708	-3	1	40	67	
4	31	person	671	160	1	67	159	
4	32	person	706	-2	1	41	66	
4	33	person	666	160	1	67	162	
4	34	person	705	-2	1	43	67	
4	35	person	176	0	1	33	0	
5	36	person	673	159	1	64	161	
5	37	person	708	-3	1	40	67	
5	38	person	673	159	1	64	161	
5	39	person	708	-3	1	40	67	
5	40	person	673	159	1	64	160	
5	41	person	708	-3	1	40	67	
5	42	person	671	160	1	67	159	
5	43	person	706	-2	1	41	66	
5	44	person	666	160	1	67	162	
5	45	person	705	-2	1	43	67	
5	46	person	659	161	1	72	171	
5	47	person	703	-1	1	41	67	
5	48	person	208	0	1	97	0	
6	49	person	673	159	1	64	161	
6	50	person	708	-3	1	40	67	
6	51	person	673	159	1	64	161	
6	52	person	708	-3	1	40	67	
6	53	person	673	159	1	64	160	
6	54	person	708	-3	1	40	67	
6	55	person	671	160	1	67	159	
6	56	person	706	-2	1	41	66	
6	57	person	666	160	1	67	162	
6	58	person	705	-2	1	43	67	
6	59	person	659	161	1	72	171	
6	60	person	703	-1	1	41	67	
6	61	person	659	163	1	69	177	
6	62	person	700	-1	1	44	69	
6	63	person	240	0	1	65	0	
7	64	person	673	159	1	64	161	
7	65	person	708	-3	1	40	67	
7	66	person	673	159	1	64	161	
7	67	person	708	-3	1	40	67	
7	68	person	673	159	1	64	160	
7	69	person	708	-3	1	40	67	
7	70	person	671	160	1	67	159	
7	71	person	706	-2	1	41	66	
7	72	person	666	160	1	67	162	
7	73	person	705	-2	1	43	67	
7	74	person	659	161	1	72	171	
7	75	person	703	-1	1	41	67	
7	76	person	659	163	1	69	177	
7	77	person	700	-1	1	44	69	
7	78	person	656	166	1	72	174	
7	79	person	701	-1	1	43	70	
7	80	person	272	0	1	401	0	
8	81	person	673	159	1	64	161	
8	82	person	708	-3	1	40	67	
8	83	person	673	159	1	64	161	
8	84	person	708	-3	1	40	67	
8	85	person	673	159	1	64	160	
8	86	person	708	-3	1	40	67	
8	87	person	671	160	1	67	159	
8	88	person	706	-2	1	41	66	
8	89	person	666	160	1	67	162	
8	90	person	705	-2	1	43	67	
8	91	person	659	161	1	72	171	
8	92	person	703	-1	1	41	67	
8	93	person	659	163	1	69	177	
8	94	person	700	-1	1	44	69	
8	95	person	656	166	1	72	174	
8	96	person	701	-1	1	43	70	
8	97	person	647	174	1	77	167	
8	98	person	697	-1	1	44	73	
8	99	person	0	0	1	33	0	
9	100	person	673	159	1	64	161	
9	101	person	708	-3	1	40	67	
9	102	person	673	159	1	64	161	
9	103	person	708	-3	1	40	67	
9	104	person	673	159	1	64	160	
9	105	person	708	-3	1	40	67	
9	106	person	671	160	1	67	159	
9	107	person	706	-2	1	41	66	
9	108	person	666	160	1	67	162	
9	109	person	705	-2	1	43	67	
9	110	person	659	161	1	72	171	
9	111	person	703	-1	1	41	67	
9	112	person	659	163	1	69	177	
9	113	person	700	-1	1	44	69	
9	114	person	656	166	1	72	174	
9	115	person	701	-1	1	43	70	
9	116	person	647	174	1	77	167	
9	117	person	697	-1	1	44	73	
9	118	person	643	180	1	78	162	
9	119	person	697	0	1	44	74	
9	120	person	336	0	1	401	0	
10	121	person	673	159	1	64	161	
10	122	person	708	-3	1	40	67	
10	123	person	673	159	1	64	161	
10	124	person	708	-3	1	40	67	
10	125	person	673	159	1	64	160	
10	126	person	708	-3	1	40	67	
10	127	person	671	160	1	67	159	
10	128	person	706	-2	1	41	66	
10	129	person	666	160	1	67	162	
10	130	person	705	-2	1	43	67	
10	131	person	659	161	1	72	171	
10	132	person	703	-1	1	41	67	
10	133	person	659	163	1	69	177	
10	134	person	700	-1	1	44	69	
10	135	person	656	166	1	72	174	
10	136	person	701	-1	1	43	70	
10	137	person	647	174	1	77	167	
10	138	person	697	-1	1	44	73	
10	139	person	643	180	1	78	162	
10	140	person	697	0	1	44	74	
10	141	person	643	180	1	75	167	
10	142	person	696	0	1	45	74	
10	143	person	368	0	1	401	0	
11	144	person	673	159	1	64	161	
11	145	person	708	-3	1	40	67	
11	146	person	673	159	1	64	161	
11	147	person	708	-3	1	40	67	
11	148	person	673	159	1	64	160	
11	149	person	708	-3	1	40	67	
11	150	person	671	160	1	67	159	
11	151	person	706	-2	1	41	66	
11	152	person	666	160	1	67	162	
11	153	person	705	-2	1	43	67	
11	154	person	659	161	1	72	171	
11	155	person	703	-1	1	41	67	
11	156	person	659	163	1	69	177	
11	157	person	700	-1	1	44	69	
11	158	person	656	166	1	72	174	
11	159	person	701	-1	1	43	70	
11	160	person	647	174	1	77	167	
11	161	person	697	-1	1	44	73	
11	162	person	643	180	1	78	162	
11	163	person	697	0	1	44	74	
11	164	person	643	180	1	75	167	
11	165	person	696	0	1	45	74	
11	166	person	639	182	1	77	168	
11	167	person	384	0	1	65	0	
12	168	person	673	159	1	64	161	
12	169	person	708	-3	1	40	67	
12	170	person	673	159	1	64	161	
12	171	person	708	-3	1	40	67	
12	172	person	673	159	1	64	160	
12	173	person	708	-3	1	40	67	
12	174	person	671	160	1	67	159	
12	175	person	706	-2	1	41	66	
12	176	person	666	160	1	67	162	
12	177	person	705	-2	1	43	67	
12	178	person	659	161	1	72	171	
12	179	person	703	-1	1	41	67	
12	180	person	659	163	1	69	177	
12	181	person	700	-1	1	44	69	
12	182	person	656	166	1	72	174	
12	183	person	701	-1	1	43	70	
12	184	person	647	174	1	77	167	
12	185	person	697	-1	1	44	73	
12	186	person	643	180	1	78	162	
12	187	person	697	0	1	44	74	
12	188	person	643	180	1	75	167	
12	189	person	696	0	1	45	74	
12	190	person	639	182	1	77	168	
12	191	person	636	184	1	77	165	
12	192	person	-4.38247e+08	-5.21806e+08	1	-4.88512e+08	-4.04561e+08	
13	193	person	673	159	1	64	161	
13	194	person	708	-3	1	40	67	
13	195	person	673	159	1	64	161	
13	196	person	708	-3	1	40	67	
13	197	person	673	159	1	64	160	
13	198	person	708	-3	1	40	67	
13	199	person	671	160	1	67	159	
13	200	person	706	-2	1	41	66	
13	201	person	666	160	1	67	162	
13	202	person	705	-2	1	43	67	
13	203	person	659	161	1	72	171	
13	204	person	703	-1	1	41	67	
13	205	person	659	163	1	69	177	
13	206	person	700	-1	1	44	69	
13	207	person	656	166	1	72	174	
13	208	person	701	-1	1	43	70	
13	209	person	647	174	1	77	167	
13	210	person	697	-1	1	44	73	
13	211	person	643	180	1	78	162	
13	212	person	697	0	1	44	74	
13	213	person	643	180	1	75	167	
13	214	person	696	0	1	45	74	
13	215	person	639	182	1	77	168	
13	216	person	636	184	1	77	165	
13	217	person	634	185	1	75	167	
13	218	person	416	0	1	81	0	
14	219	person	673	159	1	64	161	
14	220	person	708	-3	1	40	67	
14	221	person	673	159	1	64	161	
14	222	person	708	-3	1	40	67	
14	223	person	673	159	1	64	160	
14	224	person	708	-3	1	40	67	
14	225	person	671	160	1	67	159	
14	226	person	706	-2	1	41	66	
14	227	person	666	160	1	67	162	
14	228	person	705	-2	1	43	67	
14	229	person	659	161	1	72	171	
14	230	person	703	-1	1	41	67	
14	231	person	659	163	1	69	177	
14	232	person	700	-1	1	44	69	
14	233	person	656	166	1	72	174	
14	234	person	701	-1	1	43	70	
14	235	person	647	174	1	77	167	
14	236	person	697	-1	1	44	73	
14	237	person	643	180	1	78	162	
14	238	person	697	0	1	44	74	
14	239	person	643	180	1	75	167	
14	240	person	696	0	1	45	74	
14	241	person	639	182	1	77	168	
14	242	person	636	184	1	77	165	
14	243	person	634	185	1	75	167	
14	244	person	632	184	1	75	168	
14	245	person	0	0	1	33	0	
15	246	person	673	159	1	64	161	
15	247	person	708	-3	1	40	67	
15	248	person	673	159	1	64	161	
15	249	person	708	-3	1	40	67	
15	250	person	673	159	1	64	160	
15	251	person	708	-3	1	40	67	
15	252	person	671	160	1	67	159	
15	253	person	706	-2	1	41	66	
15	254	person	666	160	1	67	162	
15	255	person	705	-2	1	43	67	
15	256	person	659	161	1	72	171	
15	257	person	703	-1	1	41	67	
15	258	person	659	163	1	69	177	
15	259	person	700	-1	1	44	69	
15	260	person	656	166	1	72	174	
15	261	person	701	-1	1	43	70	
15	262	person	647	174	1	77	167	
15	263	person	697	-1	1	44	73	
15	264	person	643	180	1	78	162	
15	265	person	697	0	1	44	74	
15	266	person	643	180	1	75	167	
15	267	person	696	0	1	45	74	
15	268	person	639	182	1	77	168	
15	269	person	636	184	1	77	165	
15	270	person	634	185	1	75	167	
15	271	person	632	184	1	75	168	
15	272	person	629	187	1	74	166	
15	273	person	-1.44561e+08	32565	1	-1.44561e+08	32565	
16	274	person	673	159	1	64	161	
16	275	person	708	-3	1	40	67	
16	276	person	673	159	1	64	161	
16	277	person	708	-3	1	40	67	
16	278	person	673	159	1	64	160	
16	279	person	708	-3	1	40	67	
16	280	person	671	160	1	67	159	
16	281	person	706	-2	1	41	66	
16	282	person	666	160	1	67	162	
16	283	person	705	-2	1	43	67	
16	284	person	659	161	1	72	171	
16	285	person	703	-1	1	41	67	
16	286	person	659	163	1	69	177	
16	287	person	700	-1	1	44	69	
16	288	person	656	166	1	72	174	
16	289	person	701	-1	1	43	70	
16	290	person	647	174	1	77	167	
16	291	person	697	-1	1	44	73	
16	292	person	643	180	1	78	162	
16	293	person	697	0	1	44	74	
16	294	person	643	180	1	75	167	
16	295	person	696	0	1	45	74	
16	296	person	639	182	1	77	168	
16	297	person	636	184	1	77	165	
16	298	person	634	185	1	75	167	
16	299	person	632	184	1	75	168	
16	300	person	629	187	1	74	166	
16	301	person	629	189	1	72	165	
16	302	person	464	0	1	33	0	
17	303	person	673	159	1	64	161	
17	304	person	708	-3	1	40	67	
17	305	person	673	159	1	64	161	
17	306	person	708	-3	1	40	67	
17	307	person	673	159	1	64	160	
17	308	person	708	-3	1	40	67	
17	309	person	671	160	1	67	159	
17	310	person	706	-2	1	41	66	
17	311	person	666	160	1	67	162	
17	312	person	705	-2	1	43	67	
17	313	person	659	161	1	72	171	
17	314	person	703	-1	1	41	67	
17	315	person	659	163	1	69	177	
17	316	person	700	-1	1	44	69	
17	317	person	656	166	1	72	174	
17	318	person	701	-1	1	43	70	
17	319	person	647	174	1	77	167	
17	320	person	697	-1	1	44	73	
17	321	person	643	180	1	78	162	
17	322	person	697	0	1	44	74	
17	323	person	643	180	1	75	167	
17	324	person	696	0	1	45	74	
17	325	person	639	182	1	77	168	
17	326	person	636	184	1	77	165	
17	327	person	634	185	1	75	167	
17	328	person	632	184	1	75	168	
17	329	person	629	187	1	74	166	
17	330	person	629	189	1	72	165	
17	331	person	626	193	1	72	173	
17	332	person	480	0	1	273	0	
18	333	person	673	159	1	64	161	
18	334	person	708	-3	1	40	67	
18	335	person	673	159	1	64	161	
18	336	person	708	-3	1	40	67	
18	337	person	673	159	1	64	160	
18	338	person	708	-3	1	40	67	
18	339	person	671	160	1	67	159	
18	340	person	706	-2	1	41	66	
18	341	person	666	160	1	67	162	
18	342	person	705	-2	1	43	67	
18	343	person	659	161	1	72	171	
18	344	person	703	-1	1	41	67	
18	345	person	659	163	1	69	177	
18	346	person	700	-1	1	44	69	
18	347	person	656	166	1	72	174	
18	348	person	701	-1	1	43	70	
18	349	person	647	174	1	77	167	
18	350	person	697	-1	1	44	73	
18	351	person	643	180	1	78	162	
18	352	person	697	0	1	44	74	
18	353	person	643	180	1	75	167	
18	354	person	696	0	1	45	74	
18	355	person	639	182	1	77	168	
18	356	person	636	184	1	77	165	
18	357	person	634	185	1	75	167	
18	358	person	632	184	1	75	168	
18	359	person	629	187	1	74	166	
18	360	person	629	189	1	72	165	
18	361	person	626	193	1	72	173	
18	362	person	621	195	1	72	172	
18	363	person	2.63504e+08	0	1	2.63504e+08	0	
19	364	person	673	159	1	64	161	
19	365	person	708	-3	1	40	67	
19	366	person	673	159	1	64	161	
19	367	person	708	-3	1	40	67	
19	368	person	673	159	1	64	160	
19	369	person	708	-3	1	40	67	
19	370	person	671	160	1	67	159	
19	371	person	706	-2	1	41	66	
19	372	person	666	160	1	67	162	
19	373	person	705	-2	1	43	67	
19	374	person	659	161	1	72	171	
19	375	person	703	-1	1	41	67	
19	376	person	659	163	1	69	177	
19	377	person	700	-1	1	44	69	
19	378	person	656	166	1	72	174	
19	379	person	701	-1	1	43	70	
19	380	person	647	174	1	77	167	
19	381	person	697	-1	1	44	73	
19	382	person	643	180	1	78	162	
19	383	person	697	0	1	44	74	
19	384	person	643	180	1	75	167	
19	385	person	696	0	1	45	74	
19	386	person	639	182	1	77	168	
19	387	person	636	184	1	77	165	
19	388	person	634	185	1	75	167	
19	389	person	632	184	1	75	168	
19	390	person	629	187	1	74	166	
19	391	person	629	189	1	72	165	
19	392	person	626	193	1	72	173	
19	393	person	621	195	1	72	172	
19	394	person	620	196	1	69	174	
19	395	person	512	0	1	401	0	
20	396	person	673	159	1	64	161	
20	397	person	708	-3	1	40	67	
20	398	person	673	159	1	64	161	
20	399	person	708	-3	1	40	67	
20	400	person	673	159	1	64	160	
20	401	person	708	-3	1	40	67	
20	402	person	671	160	1	67	159	
20	403	person	706	-2	1	41	66	
20	404	person	666	160	1	67	162	
20	405	person	705	-2	1	43	67	
20	406	person	659	161	1	72	171	
20	407	person	703	-1	1	41	67	
20	408	person	659	163	1	69	177	
20	409	person	700	-1	1	44	69	
20	410	person	656	166	1	72	174	
20	411	person	701	-1	1	43	70	
20	412	person	647	174	1	77	167	
20	413	person	697	-1	1	44	73	
20	414	person	643	180	1	78	162	
20	415	person	697	0	1	44	74	
20	416	person	643	180	1	75	167	
20	417	person	696	0	1	45	74	
20	418	person	639	182	1	77	168	
20	419	person	636	184	1	77	165	
20	420	person	634	185	1	75	167	
20	421	person	632	184	1	75	168	
20	422	person	629	187	1	74	166	
20	423	person	629	189	1	72	165	
20	424	person	626	193	1	72	173	
20	425	person	621	195	1	72	172	
20	426	person	620	196	1	69	174	
20	427	person	618	198	1	67	178	
20	428	person	1.21203e+09	2.12389e+08	1	433	0	
21	429	person	673	159	1	64	161	
21	430	person	708	-3	1	40	67	
21	431	person	673	159	1	64	161	
21	432	person	708	-3	1	40	67	
21	433	person	673	159	1	64	160	
21	434	person	708	-3	1	40	67	
21	435	person	671	160	1	67	159	
21	436	person	706	-2	1	41	66	
21	437	person	666	160	1	67	162	
21	438	person	705	-2	1	43	67	
21	439	person	659	161	1	72	171	
21	440	person	703	-1	1	41	67	
21	441	person	659	163	1	69	177	
21	442	person	700	-1	1	44	69	
21	443	person	656	166	1	72	174	
21	444	person	701	-1	1	43	70	
21	445	person	647	174	1	77	167	
21	446	person	697	-1	1	44	73	
21	447	person	643	180	1	78	162	
21	448	person	697	0	1	44	74	
21	449	person	643	180	1	75	167	
21	450	person	696	0	1	45	74	
21	451	person	639	182	1	77	168	
21	452	person	636	184	1	77	165	
21	453	person	634	185	1	75	167	
21	454	person	632	184	1	75	168	
21	455	person	629	187	1	74	166	
21	456	person	629	189	1	72	165	
21	457	person	626	193	1	72	173	
21	458	person	621	195	1	72	172	
21	459	person	620	196	1	69	174	
21	460	person	618	198	1	67	178	
21	461	person	614	205	1	68	181	
21	462	person	-1.44561e+08	32565	1	417	0	
22	463	person	673	159	1	64	161	
22	464	person	708	-3	1	40	67	
22	465	person	673	159	1	64	161	
22	466	person	708	-3	1	40	67	
22	467	person	673	159	1	64	160	
22	468	person	708	-3	1	40	67	
22	469	person	671	160	1	67	159	
22	470	person	706	-2	1	41	66	
22	471	person	666	160	1	67	162	
22	472	person	705	-2	1	43	67	
22	473	person	659	161	1	72	171	
22	474	person	703	-1	1	41	67	
22	475	person	659	163	1	69	177	
22	476	person	700	-1	1	44	69	
22	477	person	656	166	1	72	174	
22	478	person	701	-1	1	43	70	
22	479	person	647	174	1	77	167	
22	480	person	697	-1	1	44	73	
22	481	person	643	180	1	78	162	
22	482	person	697	0	1	44	74	
22	483	person	643	180	1	75	167	
22	484	person	696	0	1	45	74	
22	485	person	639	182	1	77	168	
22	486	person	636	184	1	77	165	
22	487	person	634	185	1	75	167	
22	488	person	632	184	1	75	168	
22	489	person	629	187	1	74	166	
22	490	person	629	189	1	72	165	
22	491	person	626	193	1	72	173	
22	492	person	621	195	1	72	172	
22	493	person	620	196	1	69	174	
22	494	person	618	198	1	67	178	
22	495	person	614	205	1	68	181	
22	496	person	611	207	1	70	174	
22	497	person	-1.44561e+08	32565	1	401	0	
23	498	person	673	159	1	64	161	
23	499	person	708	-3	1	40	67	
23	500	person	673	159	1	64	161	
23	501	person	708	-3	1	40	67	
23	502	person	673	159	1	64	160	
23	503	person	708	-3	1	40	67	
23	504	person	671	160	1	67	159	
23	505	person	706	-2	1	41	66	
23	506	person	666	160	1	67	162	
23	507	person	705	-2	1	43	67	
23	508	person	659	161	1	72	171	
23	509	person	703	-1	1	41	67	
23	510	person	659	163	1	69	177	
23	511	person	700	-1	1	44	69	
23	512	person	656	166	1	72	174	
23	513	person	701	-1	1	43	70	
23	514	person	647	174	1	77	167	
23	515	person	697	-1	1	44	73	
23	516	person	643	180	1	78	162	
23	517	person	697	0	1	44	74	
23	518	person	643	180	1	75	167	
23	519	person	696	0	1	45	74	
23	520	person	639	182	1	77	168	
23	521	person	636	184	1	77	165	
23	522	person	634	185	1	75	167	
23	523	person	632	184	1	75	168	
23	524	person	629	187	1	74	166	
23	525	person	629	189	1	72	165	
23	526	person	626	193	1	72	173	
23	527	person	621	195	1	72	172	
23	528	person	620	196	1	69	174	
23	529	person	618	198	1	67	178	
23	530	person	614	205	1	68	181	
23	531	person	611	207	1	70	174	
23	532	person	608	209	1	72	174	
23	533	person	-1.44561e+08	32565	1	385	0	
24	534	person	673	159	1	64	161	
24	535	person	708	-3	1	40	67	
24	536	person	673	159	1	64	161	
24	537	person	708	-3	1	40	67	
24	538	person	673	159	1	64	160	
24	539	person	708	-3	1	40	67	
24	540	person	671	160	1	67	159	
24	541	person	706	-2	1	41	66	
24	542	person	666	160	1	67	162	
24	543	person	705	-2	1	43	67	
24	544	person	659	161	1	72	171	
24	545	person	703	-1	1	41	67	
24	546	person	659	163	1	69	177	
24	547	person	700	-1	1	44	69	
24	548	person	656	166	1	72	174	
24	549	person	701	-1	1	43	70	
24	550	person	647	174	1	77	167	
24	551	person	697	-1	1	44	73	
24	552	person	643	180	1	78	162	
24	553	person	697	0	1	44	74	
24	554	person	643	180	1	75	167	
24	555	person	696	0	1	45	74	
24	556	person	639	182	1	77	168	
24	557	person	636	184	1	77	165	
24	558	person	634	185	1	75	167	
24	559	person	632	184	1	75	168	
24	560	person	629	187	1	74	166	
24	561	person	629	189	1	72	165	
24	562	person	626	193	1	72	173	
24	563	person	621	195	1	72	172	
24	564	person	620	196	1	69	174	
24	565	person	618	198	1	67	178	
24	566	person	614	205	1	68	181	
24	567	person	611	207	1	70	174	
24	568	person	608	209	1	72	174	
24	569	person	608	210	1	71	171	
24	570	person	3.01334e+08	0	1	369	0	
25	571	person	673	159	1	64	161	
25	572	person	708	-3	1	40	67	
25	573	person	673	159	1	64	161	
25	574	person	708	-3	1	40	67	
25	575	person	673	159	1	64	160	
25	576	person	708	-3	1	40	67	
25	577	person	671	160	1	67	159	
25	578	person	706	-2	1	41	66	
25	579	person	666	160	1	67	162	
25	580	person	705	-2	1	43	67	
25	581	person	659	161	1	72	171	
25	582	person	703	-1	1	41	67	
25	583	person	659	163	1	69	177	
25	584	person	700	-1	1	44	69	
25	585	person	656	166	1	72	174	
25	586	person	701	-1	1	43	70	
25	587	person	647	174	1	77	167	
25	588	person	697	-1	1	44	73	
25	589	person	643	180	1	78	162	
25	590	person	697	0	1	44	74	
25	591	person	643	180	1	75	167	
25	592	person	696	0	1	45	74	
25	593	person	639	182	1	77	168	
25	594	person	636	184	1	77	165	
25	595	person	634	185	1	75	167	
25	596	person	632	184	1	75	168	
25	597	person	629	187	1	74	166	
25	598	person	629	189	1	72	165	
25	599	person	626	193	1	72	173	
25	600	person	621	195	1	72	172	
25	601	person	620	196	1	69	174	
25	602	person	618	198	1	67	178	
25	603	person	614	205	1	68	181	
25	604	person	611	207	1	70	174	
25	605	person	608	209	1	72	174	
25	606	person	608	210	1	71	171	
25	607	person	599	220	1	73	154	
25	608	person	-1.39601e+09	3.81293e+08	1	209	0	
26	609	person	673	159	1	64	161	
26	610	person	708	-3	1	40	67	
26	611	person	673	159	1	64	161	
26	612	person	708	-3	1	40	67	
26	613	person	673	159	1	64	160	
26	614	person	708	-3	1	40	67	
26	615	person	671	160	1	67	159	
26	616	person	706	-2	1	41	66	
26	617	person	666	160	1	67	162	
26	618	person	705	-2	1	43	67	
26	619	person	659	161	1	72	171	
26	620	person	703	-1	1	41	67	
26	621	person	659	163	1	69	177	
26	622	person	700	-1	1	44	69	
26	623	person	656	166	1	72	174	
26	624	person	701	-1	1	43	70	
26	625	person	647	174	1	77	167	
26	626	person	697	-1	1	44	73	
26	627	person	643	180	1	78	162	
26	628	person	697	0	1	44	74	
26	629	person	643	180	1	75	167	
26	630	person	696	0	1	45	74	
26	631	person	639	182	1	77	168	
26	632	person	636	184	1	77	165	
26	633	person	634	185	1	75	167	
26	634	person	632	184	1	75	168	
26	635	person	629	187	1	74	166	
26	636	person	629	189	1	72	165	
26	637	person	626	193	1	72	173	
26	638	person	621	195	1	72	172	
26	639	person	620	196	1	69	174	
26	640	person	618	198	1	67	178	
26	641	person	614	205	1	68	181	
26	642	person	611	207	1	70	174	
26	643	person	608	209	1	72	174	
26	644	person	608	210	1	71	171	
26	645	person	599	220	1	73	154	
26	646	person	597	221	1	73	155	
26	647	person	-1.44561e+08	32565	1	193	0	
27	648	person	673	159	1	64	161	
27	649	person	708	-3	1	40	67	
27	650	person	673	159	1	64	161	
27	651	person	708	-3	1	40	67	
27	652	person	673	159	1	64	160	
27	653	person	708	-3	1	40	67	
27	654	person	671	160	1	67	159	
27	655	person	706	-2	1	41	66	
27	656	person	666	160	1	67	162	
27	657	person	705	-2	1	43	67	
27	658	person	659	161	1	72	171	
27	659	person	703	-1	1	41	67	
27	660	person	659	163	1	69	177	
27	661	person	700	-1	1	44	69	
27	662	person	656	166	1	72	174	
27	663	person	701	-1	1	43	70	
27	664	person	647	174	1	77	167	
27	665	person	697	-1	1	44	73	
27	666	person	643	180	1	78	162	
27	667	person	697	0	1	44	74	
27	668	person	643	180	1	75	167	
27	669	person	696	0	1	45	74	
27	670	person	639	182	1	77	168	
27	671	person	636	184	1	77	165	
27	672	person	634	185	1	75	167	
27	673	person	632	184	1	75	168	
27	674	person	629	187	1	74	166	
27	675	person	629	189	1	72	165	
27	676	person	626	193	1	72	173	
27	677	person	621	195	1	72	172	
27	678	person	620	196	1	69	174	
27	679	person	618	198	1	67	178	
27	680	person	614	205	1	68	181	
27	681	person	611	207	1	70	174	
27	682	person	608	209	1	72	174	
27	683	person	608	210	1	71	171	
27	684	person	599	220	1	73	154	
27	685	person	597	221	1	73	155	
27	686	person	596	218	1	71	162	
27	687	person	1.9057e+09	8.82759e+08	1	177	0	
28	688	person	673	159	1	64	161	
28	689	person	708	-3	1	40	67	
28	690	person	673	159	1	64	161	
28	691	person	708	-3	1	40	67	
28	692	person	673	159	1	64	160	
28	693	person	708	-3	1	40	67	
28	694	person	671	160	1	67	159	
28	695	person	706	-2	1	41	66	
28	696	person	666	160	1	67	162	
28	697	person	705	-2	1	43	67	
28	698	person	659	161	1	72	171	
28	699	person	703	-1	1	41	67	
28	700	person	659	163	1	69	177	
28	701	person	700	-1	1	44	69	
28	702	person	656	166	1	72	174	
28	703	person	701	-1	1	43	70	
28	704	person	647	174	1	77	167	
28	705	person	697	-1	1	44	73	
28	706	person	643	180	1	78	162	
28	707	person	697	0	1	44	74	
28	708	person	643	180	1	75	167	
28	709	person	696	0	1	45	74	
28	710	person	639	182	1	77	168	
28	711	person	636	184	1	77	165	
28	712	person	634	185	1	75	167	
28	713	person	632	184	1	75	168	
28	714	person	629	187	1	74	166	
28	715	person	629	189	1	72	165	
28	716	person	626	193	1	72	173	
28	717	person	621	195	1	72	172	
28	718	person	620	196	1	69	174	
28	719	person	618	198	1	67	178	
28	720	person	614	205	1	68	181	
28	721	person	611	207	1	70	174	
28	722	person	608	209	1	72	174	
28	723	person	608	210	1	71	171	
28	724	person	599	220	1	73	154	
28	725	person	597	221	1	73	155	
28	726	person	596	218	1	71	162	
28	727	person	594	217	1	69	168	
28	728	person	-1.44561e+08	32565	1	177	0	
29	729	person	673	159	1	64	161	
29	730	person	708	-3	1	40	67	
29	731	person	673	159	1	64	161	
29	732	person	708	-3	1	40	67	
29	733	person	673	159	1	64	160	
29	734	person	708	-3	1	40	67	
29	735	person	671	160	1	67	159	
29	736	person	706	-2	1	41	66	
29	737	person	666	160	1	67	162	
29	738	person	705	-2	1	43	67	
29	739	person	659	161	1	72	171	
29	740	person	703	-1	1	41	67	
29	741	person	659	163	1	69	177	
29	742	person	700	-1	1	44	69	
29	743	person	656	166	1	72	174	
29	744	person	701	-1	1	43	70	
29	745	person	647	174	1	77	167	
29	746	person	697	-1	1	44	73	
29	747	person	643	180	1	78	162	
29	748	person	697	0	1	44	74	
29	749	person	643	180	1	75	167	
29	750	person	696	0	1	45	74	
29	751	person	639	182	1	77	168	
29	752	person	636	184	1	77	165	
29	753	person	634	185	1	75	167	
29	754	person	632	184	1	75	168	
29	755	person	629	187	1	74	166	
29	756	person	629	189	1	72	165	
29	757	person	626	193	1	72	173	
29	758	person	621	195	1	72	172	
29	759	person	620	196	1	69	174	
29	760	person	618	198	1	67	178	
29	761	person	614	205	1	68	181	
29	762	person	611	207	1	70	174	
29	763	person	608	209	1	72	174	
29	764	person	608	210	1	71	171	
29	765	person	599	220	1	73	154	
29	766	person	597	221	1	73	155	
29	767	person	596	218	1	71	162	
29	768	person	594	217	1	69	168	
29	769	person	640	1	1	71	96	
29	770	person	590	209	1	73	196	
29	771	person	0	0	1	177	0	
30	772	person	673	159	1	64	161	
30	773	person	708	-3	1	40	67	
30	774	person	673	159	1	64	161	
30	775	person	708	-3	1	40	67	
30	776	person	673	159	1	64	160	
30	777	person	708	-3	1	40	67	
30	778	person	671	160	1	67	159	
30	779	person	706	-2	1	41	66	
30	780	person	666	160	1	67	162	
30	781	person	705	-2	1	43	67	
30	782	person	659	161	1	72	171	
30	783	person	703	-1	1	41	67	
30	784	person	659	163	1	69	177	
30	785	person	700	-1	1	44	69	
30	786	person	656	166	1	72	174	
30	787	person	701	-1	1	43	70	
30	788	person	647	174	1	77	167	
30	789	person	697	-1	1	44	73	
30	790	person	643	180	1	78	162	
30	791	person	697	0	1	44	74	
30	792	person	643	180	1	75	167	
30	793	person	696	0	1	45	74	
30	794	person	639	182	1	77	168	
30	795	person	636	184	1	77	165	
30	796	person	634	185	1	75	167	
30	797	person	632	184	1	75	168	
30	798	person	629	187	1	74	166	
30	799	person	629	189	1	72	165	
30	800	person	626	193	1	72	173	
30	801	person	621	195	1	72	172	
30	802	person	620	196	1	69	174	
30	803	person	618	198	1	67	178	
30	804	person	614	205	1	68	181	
30	805	person	611	207	1	70	174	
30	806	person	608	209	1	72	174	
30	807	person	608	210	1	71	171	
30	808	person	599	220	1	73	154	
30	809	person	597	221	1	73	155	
30	810	person	596	218	1	71	162	
30	811	person	594	217	1	69	168	
30	812	person	640	1	1	71	96	
30	813	person	590	209	1	73	196	
30	814	person	639	0	1	71	100	
30	815	person	586	213	1	75	192	
30	816	person	0	0	1	241	0	
31	817	person	673	159	1	64	161	
31	818	person	708	-3	1	40	67	
31	819	person	673	159	1	64	161	
31	820	person	708	-3	1	40	67	
31	821	person	673	159	1	64	160	
31	822	person	708	-3	1	40	67	
31	823	person	671	160	1	67	159	
31	824	person	706	-2	1	41	66	
31	825	person	666	160	1	67	162	
31	826	person	705	-2	1	43	67	
31	827	person	659	161	1	72	171	
31	828	person	703	-1	1	41	67	
31	829	person	659	163	1	69	177	
31	830	person	700	-1	1	44	69	
31	831	person	656	166	1	72	174	
31	832	person	701	-1	1	43	70	
31	833	person	647	174	1	77	167	
31	834	person	697	-1	1	44	73	
31	835	person	643	180	1	78	162	
31	836	person	697	0	1	44	74	
31	837	person	643	180	1	75	167	
31	838	person	696	0	1	45	74	
31	839	person	639	182	1	77	168	
31	840	person	636	184	1	77	165	
31	841	person	634	185	1	75	167	
31	842	person	632	184	1	75	168	
31	843	person	629	187	1	74	166	
31	844	person	629	189	1	72	165	
31	845	person	626	193	1	72	173	
31	846	person	621	195	1	72	172	
31	847	person	620	196	1	69	174	
31	848	person	618	198	1	67	178	
31	849	person	614	205	1	68	181	
31	850	person	611	207	1	70	174	
31	851	person	608	209	1	72	174	
31	852	person	608	210	1	71	171	
31	853	person	599	220	1	73	154	
31	854	person	597	221	1	73	155	
31	855	person	596	218	1	71	162	
31	856	person	594	217	1	69	168	
31	857	person	640	1	1	71	96	
31	858	person	590	209	1	73	196	
31	859	person	639	0	1	71	100	
31	860	person	586	213	1	75	192	
31	861	person	584	216	1	76	188	
31	862	person	-1.44561e+08	32565	1	225	0	
32	863	person	673	159	1	64	161	
32	864	person	708	-3	1	40	67	
32	865	person	673	159	1	64	161	
32	866	person	708	-3	1	40	67	
32	867	person	673	159	1	64	160	
32	868	person	708	-3	1	40	67	
32	869	person	671	160	1	67	159	
32	870	person	706	-2	1	41	66	
32	871	person	666	160	1	67	162	
32	872	person	705	-2	1	43	67	
32	873	person	659	161	1	72	171	
32	874	person	703	-1	1	41	67	
32	875	person	659	163	1	69	177	
32	876	person	700	-1	1	44	69	
32	877	person	656	166	1	72	174	
32	878	person	701	-1	1	43	70	
32	879	person	647	174	1	77	167	
32	880	person	697	-1	1	44	73	
32	881	person	643	180	1	78	162	
32	882	person	697	0	1	44	74	
32	883	person	643	180	1	75	167	
32	884	person	696	0	1	45	74	
32	885	person	639	182	1	77	168	
32	886	person	636	184	1	77	165	
32	887	person	634	185	1	75	167	
32	888	person	632	184	1	75	168	
32	889	person	629	187	1	74	166	
32	890	person	629	189	1	72	165	
32	891	person	626	193	1	72	173	
32	892	person	621	195	1	72	172	
32	893	person	620	196	1	69	174	
32	894	person	618	198	1	67	178	
32	895	person	614	205	1	68	181	
32	896	person	611	207	1	70	174	
32	897	person	608	209	1	72	174	
32	898	person	608	210	1	71	171	
32	899	person	599	220	1	73	154	
32	900	person	597	221	1	73	155	
32	901	person	596	218	1	71	162	
32	902	person	594	217	1	69	168	
32	903	person	640	1	1	71	96	
32	904	person	590	209	1	73	196	
32	905	person	639	0	1	71	100	
32	906	person	586	213	1	75	192	
32	907	person	584	216	1	76	188	
32	908	person	642	0	1	64	102	
32	909	person	581	221	1	76	185	
32	910	person	0	0	1	193	0	
33	911	person	673	159	1	64	161	
33	912	person	708	-3	1	40	67	
33	913	person	673	159	1	64	161	
33	914	person	708	-3	1	40	67	
33	915	person	673	159	1	64	160	
33	916	person	708	-3	1	40	67	
33	917	person	671	160	1	67	159	
33	918	person	706	-2	1	41	66	
33	919	person	666	160	1	67	162	
33	920	person	705	-2	1	43	67	
33	921	person	659	161	1	72	171	
33	922	person	703	-1	1	41	67	
33	923	person	659	163	1	69	177	
33	924	person	700	-1	1	44	69	
33	925	person	656	166	1	72	174	
33	926	person	701	-1	1	43	70	
33	927	person	647	174	1	77	167	
33	928	person	697	-1	1	44	73	
33	929	person	643	180	1	78	162	
33	930	person	697	0	1	44	74	
33	931	person	643	180	1	75	167	
33	932	person	696	0	1	45	74	
33	933	person	639	182	1	77	168	
33	934	person	636	184	1	77	165	
33	935	person	634	185	1	75	167	
33	936	person	632	184	1	75	168	
33	937	person	629	187	1	74	166	
33	938	person	629	189	1	72	165	
33	939	person	626	193	1	72	173	
33	940	person	621	195	1	72	172	
33	941	person	620	196	1	69	174	
33	942	person	618	198	1	67	178	
33	943	person	614	205	1	68	181	
33	944	person	611	207	1	70	174	
33	945	person	608	209	1	72	174	
33	946	person	608	210	1	71	171	
33	947	person	599	220	1	73	154	
33	948	person	597	221	1	73	155	
33	949	person	596	218	1	71	162	
33	950	person	594	217	1	69	168	
33	951	person	640	1	1	71	96	
33	952	person	590	209	1	73	196	
33	953	person	639	0	1	71	100	
33	954	person	586	213	1	75	192	
33	955	person	584	216	1	76	188	
33	956	person	642	0	1	64	102	
33	957	person	581	221	1	76	185	
33	958	person	576	228	1	74	187	
33	959	person	-1.44561e+08	32565	1	177	0	
34	960	person	673	159	1	64	161	
34	961	person	708	-3	1	40	67	
34	962	person	673	159	1	64	161	
34	963	person	708	-3	1	40	67	
34	964	person	673	159	1	64	160	
34	965	person	708	-3	1	40	67	
34	966	person	671	160	1	67	159	
34	967	person	706	-2	1	41	66	
34	968	person	666	160	1	67	162	
34	969	person	705	-2	1	43	67	
34	970	person	659	161	1	72	171	
34	971	person	703	-1	1	41	67	
34	972	person	659	163	1	69	177	
34	973	person	700	-1	1	44	69	
34	974	person	656	166	1	72	174	
34	975	person	701	-1	1	43	70	
34	976	person	647	174	1	77	167	
34	977	person	697	-1	1	44	73	
34	978	person	643	180	1	78	162	
34	979	person	697	0	1	44	74	
34	980	person	643	180	1	75	167	
34	981	person	696	0	1	45	74	
34	982	person	639	182	1	77	168	
34	983	person	636	184	1	77	165	
34	984	person	634	185	1	75	167	
34	985	person	632	184	1	75	168	
34	986	person	629	187	1	74	166	
34	987	person	629	189	1	72	165	
34	988	person	626	193	1	72	173	
34	989	person	621	195	1	72	172	
34	990	person	620	196	1	69	174	
34	991	person	618	198	1	67	178	
34	992	person	614	205	1	68	181	
34	993	person	611	207	1	70	174	
34	994	person	608	209	1	72	174	
34	995	person	608	210	1	71	171	
34	996	person	599	220	1	73	154	
34	997	person	597	221	1	73	155	
34	998	person	596	218	1	71	162	
34	999	person	594	217	1	69	168	
34	1000	person	640	1	1	71	96	
34	1001	person	590	209	1	73	196	
34	1002	person	639	0	1	71	100	
34	1003	person	586	213	1	75	192	
34	1004	person	584	216	1	76	188	
34	1005	person	642	0	1	64	102	
34	1006	person	581	221	1	76	185	
34	1007	person	576	228	1	74	187	
34	1008	person	573	230	1	75	190	
34	1009	person	-1.44561e+08	32565	1	161	0	
35	1010	person	673	159	1	64	161	
35	1011	person	708	-3	1	40	67	
35	1012	person	673	159	1	64	161	
35	1013	person	708	-3	1	40	67	
35	1014	person	673	159	1	64	160	
35	1015	person	708	-3	1	40	67	
35	1016	person	671	160	1	67	159	
35	1017	person	706	-2	1	41	66	
35	1018	person	666	160	1	67	162	
35	1019	person	705	-2	1	43	67	
35	1020	person	659	161	1	72	171	
35	1021	person	703	-1	1	41	67	
35	1022	person	659	163	1	69	177	
35	1023	person	700	-1	1	44	69	
35	1024	person	656	166	1	72	174	
35	1025	person	701	-1	1	43	70	
35	1026	person	647	174	1	77	167	
35	1027	person	697	-1	1	44	73	
35	1028	person	643	180	1	78	162	
35	1029	person	697	0	1	44	74	
35	1030	person	643	180	1	75	167	
35	1031	person	696	0	1	45	74	
35	1032	person	639	182	1	77	168	
35	1033	person	636	184	1	77	165	
35	1034	person	634	185	1	75	167	
35	1035	person	632	184	1	75	168	
35	1036	person	629	187	1	74	166	
35	1037	person	629	189	1	72	165	
35	1038	person	626	193	1	72	173	
35	1039	person	621	195	1	72	172	
35	1040	person	620	196	1	69	174	
35	1041	person	618	198	1	67	178	
35	1042	person	614	205	1	68	181	
35	1043	person	611	207	1	70	174	
35	1044	person	608	209	1	72	174	
35	1045	person	608	210	1	71	171	
35	1046	person	599	220	1	73	154	
35	1047	person	597	221	1	73	155	
35	1048	person	596	218	1	71	162	
35	1049	person	594	217	1	69	168	
35	1050	person	640	1	1	71	96	
35	1051	person	590	209	1	73	196	
35	1052	person	639	0	1	71	100	
35	1053	person	586	213	1	75	192	
35	1054	person	584	216	1	76	188	
35	1055	person	642	0	1	64	102	
35	1056	person	581	221	1	76	185	
35	1057	person	576	228	1	74	187	
35	1058	person	573	230	1	75	190	
35	1059	person	569	235	1	77	184	
35	1060	person	-1.44561e+08	32565	1	145	0	
36	1061	person	673	159	1	64	161	
36	1062	person	708	-3	1	40	67	
36	1063	person	673	159	1	64	161	
36	1064	person	708	-3	1	40	67	
36	1065	person	673	159	1	64	160	
36	1066	person	708	-3	1	40	67	
36	1067	person	671	160	1	67	159	
36	1068	person	706	-2	1	41	66	
36	1069	person	666	160	1	67	162	
36	1070	person	705	-2	1	43	67	
36	1071	person	659	161	1	72	171	
36	1072	person	703	-1	1	41	67	
36	1073	person	659	163	1	69	177	
36	1074	person	700	-1	1	44	69	
36	1075	person	656	166	1	72	174	
36	1076	person	701	-1	1	43	70	
36	1077	person	647	174	1	77	167	
36	1078	person	697	-1	1	44	73	
36	1079	person	643	180	1	78	162	
36	1080	person	697	0	1	44	74	
36	1081	person	643	180	1	75	167	
36	1082	person	696	0	1	45	74	
36	1083	person	639	182	1	77	168	
36	1084	person	636	184	1	77	165	
36	1085	person	634	185	1	75	167	
36	1086	person	632	184	1	75	168	
36	1087	person	629	187	1	74	166	
36	1088	person	629	189	1	72	165	
36	1089	person	626	193	1	72	173	
36	1090	person	621	195	1	72	172	
36	1091	person	620	196	1	69	174	
36	1092	person	618	198	1	67	178	
36	1093	person	614	205	1	68	181	
36	1094	person	611	207	1	70	174	
36	1095	person	608	209	1	72	174	
36	1096	person	608	210	1	71	171	
36	1097	person	599	220	1	73	154	
36	1098	person	597	221	1	73	155	
36	1099	person	596	218	1	71	162	
36	1100	person	594	217	1	69	168	
36	1101	person	640	1	1	71	96	
36	1102	person	590	209	1	73	196	
36	1103	person	639	0	1	71	100	
36	1104	person	586	213	1	75	192	
36	1105	person	584	216	1	76	188	
36	1106	person	642	0	1	64	102	
36	1107	person	581	221	1	76	185	
36	1108	person	576	228	1	74	187	
36	1109	person	573	230	1	75	190	
36	1110	person	569	235	1	77	184	
36	1111	person	569	238	1	76	180	
36	1112	person	653	-6	1	35	108	
36	1113	person	0	0	1	113	0	
37	1114	person	673	159	1	64	161	
37	1115	person	708	-3	1	40	67	
37	1116	person	673	159	1	64	161	
37	1117	person	708	-3	1	40	67	
37	1118	person	673	159	1	64	160	
37	1119	person	708	-3	1	40	67	
37	1120	person	671	160	1	67	159	
37	1121	person	706	-2	1	41	66	
37	1122	person	666	160	1	67	162	
37	1123	person	705	-2	1	43	67	
37	1124	person	659	161	1	72	171	
37	1125	person	703	-1	1	41	67	
37	1126	person	659	163	1	69	177	
37	1127	person	700	-1	1	44	69	
37	1128	person	656	166	1	72	174	
37	1129	person	701	-1	1	43	70	
37	1130	person	647	174	1	77	167	
37	1131	person	697	-1	1	44	73	
37	1132	person	643	180	1	78	162	
37	1133	person	697	0	1	44	74	
37	1134	person	643	180	1	75	167	
37	1135	person	696	0	1	45	74	
37	1136	person	639	182	1	77	168	
37	1137	person	636	184	1	77	165	
37	1138	person	634	185	1	75	167	
37	1139	person	632	184	1	75	168	
37	1140	person	629	187	1	74	166	
37	1141	person	629	189	1	72	165	
37	1142	person	626	193	1	72	173	
37	1143	person	621	195	1	72	172	
37	1144	person	620	196	1	69	174	
37	1145	person	618	198	1	67	178	
37	1146	person	614	205	1	68	181	
37	1147	person	611	207	1	70	174	
37	1148	person	608	209	1	72	174	
37	1149	person	608	210	1	71	171	
37	1150	person	599	220	1	73	154	
37	1151	person	597	221	1	73	155	
37	1152	person	596	218	1	71	162	
37	1153	person	594	217	1	69	168	
37	1154	person	640	1	1	71	96	
37	1155	person	590	209	1	73	196	
37	1156	person	639	0	1	71	100	
37	1157	person	586	213	1	75	192	
37	1158	person	584	216	1	76	188	
37	1159	person	642	0	1	64	102	
37	1160	person	581	221	1	76	185	
37	1161	person	576	228	1	74	187	
37	1162	person	573	230	1	75	190	
37	1163	person	569	235	1	77	184	
37	1164	person	569	238	1	76	180	
37	1165	person	653	-6	1	35	108	
37	1166	person	559	237	1	84	196	
37	1167	person	-1.44561e+08	32565	1	97	0	
38	1168	person	673	159	1	64	161	
38	1169	person	708	-3	1	40	67	
38	1170	person	673	159	1	64	161	
38	1171	person	708	-3	1	40	67	
38	1172	person	673	159	1	64	160	
38	1173	person	708	-3	1	40	67	
38	1174	person	671	160	1	67	159	
38	1175	person	706	-2	1	41	66	
38	1176	person	666	160	1	67	162	
38	1177	person	705	-2	1	43	67	
38	1178	person	659	161	1	72	171	
38	1179	person	703	-1	1	41	67	
38	1180	person	659	163	1	69	177	
38	1181	person	700	-1	1	44	69	
38	1182	person	656	166	1	72	174	
38	1183	person	701	-1	1	43	70	
38	1184	person	647	174	1	77	167	
38	1185	person	697	-1	1	44	73	
38	1186	person	643	180	1	78	162	
38	1187	person	697	0	1	44	74	
38	1188	person	643	180	1	75	167	
38	1189	person	696	0	1	45	74	
38	1190	person	639	182	1	77	168	
38	1191	person	636	184	1	77	165	
38	1192	person	634	185	1	75	167	
38	1193	person	632	184	1	75	168	
38	1194	person	629	187	1	74	166	
38	1195	person	629	189	1	72	165	
38	1196	person	626	193	1	72	173	
38	1197	person	621	195	1	72	172	
38	1198	person	620	196	1	69	174	
38	1199	person	618	198	1	67	178	
38	1200	person	614	205	1	68	181	
38	1201	person	611	207	1	70	174	
38	1202	person	608	209	1	72	174	
38	1203	person	608	210	1	71	171	
38	1204	person	599	220	1	73	154	
38	1205	person	597	221	1	73	155	
38	1206	person	596	218	1	71	162	
38	1207	person	594	217	1	69	168	
38	1208	person	640	1	1	71	96	
38	1209	person	590	209	1	73	196	
38	1210	person	639	0	1	71	100	
38	1211	person	586	213	1	75	192	
38	1212	person	584	216	1	76	188	
38	1213	person	642	0	1	64	102	
38	1214	person	581	221	1	76	185	
38	1215	person	576	228	1	74	187	
38	1216	person	573	230	1	75	190	
38	1217	person	569	235	1	77	184	
38	1218	person	569	238	1	76	180	
38	1219	person	653	-6	1	35	108	
38	1220	person	559	237	1	84	196	
38	1221	person	557	240	1	86	193	
38	1222	person	-1.44561e+08	32565	1	81	0	
39	1223	person	673	159	1	64	161	
39	1224	person	708	-3	1	40	67	
39	1225	person	673	159	1	64	161	
39	1226	person	708	-3	1	40	67	
39	1227	person	673	159	1	64	160	
39	1228	person	708	-3	1	40	67	
39	1229	person	671	160	1	67	159	
39	1230	person	706	-2	1	41	66	
39	1231	person	666	160	1	67	162	
39	1232	person	705	-2	1	43	67	
39	1233	person	659	161	1	72	171	
39	1234	person	703	-1	1	41	67	
39	1235	person	659	163	1	69	177	
39	1236	person	700	-1	1	44	69	
39	1237	person	656	166	1	72	174	
39	1238	person	701	-1	1	43	70	
39	1239	person	647	174	1	77	167	
39	1240	person	697	-1	1	44	73	
39	1241	person	643	180	1	78	162	
39	1242	person	697	0	1	44	74	
39	1243	person	643	180	1	75	167	
39	1244	person	696	0	1	45	74	
39	1245	person	639	182	1	77	168	
39	1246	person	636	184	1	77	165	
39	1247	person	634	185	1	75	167	
39	1248	person	632	184	1	75	168	
39	1249	person	629	187	1	74	166	
39	1250	person	629	189	1	72	165	
39	1251	person	626	193	1	72	173	
39	1252	person	621	195	1	72	172	
39	1253	person	620	196	1	69	174	
39	1254	person	618	198	1	67	178	
39	1255	person	614	205	1	68	181	
39	1256	person	611	207	1	70	174	
39	1257	person	608	209	1	72	174	
39	1258	person	608	210	1	71	171	
39	1259	person	599	220	1	73	154	
39	1260	person	597	221	1	73	155	
39	1261	person	596	218	1	71	162	
39	1262	person	594	217	1	69	168	
39	1263	person	640	1	1	71	96	
39	1264	person	590	209	1	73	196	
39	1265	person	639	0	1	71	100	
39	1266	person	586	213	1	75	192	
39	1267	person	584	216	1	76	188	
39	1268	person	642	0	1	64	102	
39	1269	person	581	221	1	76	185	
39	1270	person	576	228	1	74	187	
39	1271	person	573	230	1	75	190	
39	1272	person	569	235	1	77	184	
39	1273	person	569	238	1	76	180	
39	1274	person	653	-6	1	35	108	
39	1275	person	559	237	1	84	196	
39	1276	person	557	240	1	86	193	
39	1277	person	554	239	1	87	193	
39	1278	person	-1.44561e+08	32565	1	65	0	
40	1279	person	673	159	1	64	161	
40	1280	person	708	-3	1	40	67	
40	1281	person	673	159	1	64	161	
40	1282	person	708	-3	1	40	67	
40	1283	person	673	159	1	64	160	
40	1284	person	708	-3	1	40	67	
40	1285	person	671	160	1	67	159	
40	1286	person	706	-2	1	41	66	
40	1287	person	666	160	1	67	162	
40	1288	person	705	-2	1	43	67	
40	1289	person	659	161	1	72	171	
40	1290	person	703	-1	1	41	67	
40	1291	person	659	163	1	69	177	
40	1292	person	700	-1	1	44	69	
40	1293	person	656	166	1	72	174	
40	1294	person	701	-1	1	43	70	
40	1295	person	647	174	1	77	167	
40	1296	person	697	-1	1	44	73	
40	1297	person	643	180	1	78	162	
40	1298	person	697	0	1	44	74	
40	1299	person	643	180	1	75	167	
40	1300	person	696	0	1	45	74	
40	1301	person	639	182	1	77	168	
40	1302	person	636	184	1	77	165	
40	1303	person	634	185	1	75	167	
40	1304	person	632	184	1	75	168	
40	1305	person	629	187	1	74	166	
40	1306	person	629	189	1	72	165	
40	1307	person	626	193	1	72	173	
40	1308	person	621	195	1	72	172	
40	1309	person	620	196	1	69	174	
40	1310	person	618	198	1	67	178	
40	1311	person	614	205	1	68	181	
40	1312	person	611	207	1	70	174	
40	1313	person	608	209	1	72	174	
40	1314	person	608	210	1	71	171	
40	1315	person	599	220	1	73	154	
40	1316	person	597	221	1	73	155	
40	1317	person	596	218	1	71	162	
40	1318	person	594	217	1	69	168	
40	1319	person	640	1	1	71	96	
40	1320	person	590	209	1	73	196	
40	1321	person	639	0	1	71	100	
40	1322	person	586	213	1	75	192	
40	1323	person	584	216	1	76	188	
40	1324	person	642	0	1	64	102	
40	1325	person	581	221	1	76	185	
40	1326	person	576	228	1	74	187	
40	1327	person	573	230	1	75	190	
40	1328	person	569	235	1	77	184	
40	1329	person	569	238	1	76	180	
40	1330	person	653	-6	1	35	108	
40	1331	person	559	237	1	84	196	
40	1332	person	557	240	1	86	193	
40	1333	person	554	239	1	87	193	
40	1334	person	553	240	1	85	189	
40	1335	person	-1.44561e+08	32565	1	49	0	
41	1336	person	673	159	1	64	161	
41	1337	person	708	-3	1	40	67	
41	1338	person	673	159	1	64	161	
41	1339	person	708	-3	1	40	67	
41	1340	person	673	159	1	64	160	
41	1341	person	708	-3	1	40	67	
41	1342	person	671	160	1	67	159	
41	1343	person	706	-2	1	41	66	
41	1344	person	666	160	1	67	162	
41	1345	person	705	-2	1	43	67	
41	1346	person	659	161	1	72	171	
41	1347	person	703	-1	1	41	67	
41	1348	person	659	163	1	69	177	
41	1349	person	700	-1	1	44	69	
41	1350	person	656	166	1	72	174	
41	1351	person	701	-1	1	43	70	
41	1352	person	647	174	1	77	167	
41	1353	person	697	-1	1	44	73	
41	1354	person	643	180	1	78	162	
41	1355	person	697	0	1	44	74	
41	1356	person	643	180	1	75	167	
41	1357	person	696	0	1	45	74	
41	1358	person	639	182	1	77	168	
41	1359	person	636	184	1	77	165	
41	1360	person	634	185	1	75	167	
41	1361	person	632	184	1	75	168	
41	1362	person	629	187	1	74	166	
41	1363	person	629	189	1	72	165	
41	1364	person	626	193	1	72	173	
41	1365	person	621	195	1	72	172	
41	1366	person	620	196	1	69	174	
41	1367	person	618	198	1	67	178	
41	1368	person	614	205	1	68	181	
41	1369	person	611	207	1	70	174	
41	1370	person	608	209	1	72	174	
41	1371	person	608	210	1	71	171	
41	1372	person	599	220	1	73	154	
41	1373	person	597	221	1	73	155	
41	1374	person	596	218	1	71	162	
41	1375	person	594	217	1	69	168	
41	1376	person	640	1	1	71	96	
41	1377	person	590	209	1	73	196	
41	1378	person	639	0	1	71	100	
41	1379	person	586	213	1	75	192	
41	1380	person	584	216	1	76	188	
41	1381	person	642	0	1	64	102	
41	1382	person	581	221	1	76	185	
41	1383	person	576	228	1	74	187	
41	1384	person	573	230	1	75	190	
41	1385	person	569	235	1	77	184	
41	1386	person	569	238	1	76	180	
41	1387	person	653	-6	1	35	108	
41	1388	person	559	237	1	84	196	
41	1389	person	557	240	1	86	193	
41	1390	person	554	239	1	87	193	
41	1391	person	553	240	1	85	189	
41	1392	person	546	243	1	83	189	
41	1393	person	-1.44561e+08	32565	1	33	0	
42	1394	person	673	159	1	64	161	
42	1395	person	708	-3	1	40	67	
42	1396	person	673	159	1	64	161	
42	1397	person	708	-3	1	40	67	
42	1398	person	673	159	1	64	160	
42	1399	person	708	-3	1	40	67	
42	1400	person	671	160	1	67	159	
42	1401	person	706	-2	1	41	66	
42	1402	person	666	160	1	67	162	
42	1403	person	705	-2	1	43	67	
42	1404	person	659	161	1	72	171	
42	1405	person	703	-1	1	41	67	
42	1406	person	659	163	1	69	177	
42	1407	person	700	-1	1	44	69	
42	1408	person	656	166	1	72	174	
42	1409	person	701	-1	1	43	70	
42	1410	person	647	174	1	77	167	
42	1411	person	697	-1	1	44	73	
42	1412	person	643	180	1	78	162	
42	1413	person	697	0	1	44	74	
42	1414	person	643	180	1	75	167	
42	1415	person	696	0	1	45	74	
42	1416	person	639	182	1	77	168	
42	1417	person	636	184	1	77	165	
42	1418	person	634	185	1	75	167	
42	1419	person	632	184	1	75	168	
42	1420	person	629	187	1	74	166	
42	1421	person	629	189	1	72	165	
42	1422	person	626	193	1	72	173	
42	1423	person	621	195	1	72	172	
42	1424	person	620	196	1	69	174	
42	1425	person	618	198	1	67	178	
42	1426	person	614	205	1	68	181	
42	1427	person	611	207	1	70	174	
42	1428	person	608	209	1	72	174	
42	1429	person	608	210	1	71	171	
42	1430	person	599	220	1	73	154	
42	1431	person	597	221	1	73	155	
42	1432	person	596	218	1	71	162	
42	1433	person	594	217	1	69	168	
42	1434	person	640	1	1	71	96	
42	1435	person	590	209	1	73	196	
42	1436	person	639	0	1	71	100	
42	1437	person	586	213	1	75	192	
42	1438	person	584	216	1	76	188	
42	1439	person	642	0	1	64	102	
42	1440	person	581	221	1	76	185	
42	1441	person	576	228	1	74	187	
42	1442	person	573	230	1	75	190	
42	1443	person	569	235	1	77	184	
42	1444	person	569	238	1	76	180	
42	1445	person	653	-6	1	35	108	
42	1446	person	559	237	1	84	196	
42	1447	person	557	240	1	86	193	
42	1448	person	554	239	1	87	193	
42	1449	person	553	240	1	85	189	
42	1450	person	546	243	1	83	189	
42	1451	person	545	246	1	81	184	
42	1452	person	-1.44561e+08	32565	1	3.0103e+08	0	
43	1453	person	673	159	1	64	161	
43	1454	person	708	-3	1	40	67	
43	1455	person	673	159	1	64	161	
43	1456	person	708	-3	1	40	67	
43	1457	person	673	159	1	64	160	
43	1458	person	708	-3	1	40	67	
43	1459	person	671	160	1	67	159	
43	1460	person	706	-2	1	41	66	
43	1461	person	666	160	1	67	162	
43	1462	person	705	-2	1	43	67	
43	1463	person	659	161	1	72	171	
43	1464	person	703	-1	1	41	67	
43	1465	person	659	163	1	69	177	
43	1466	person	700	-1	1	44	69	
43	1467	person	656	166	1	72	174	
43	1468	person	701	-1	1	43	70	
43	1469	person	647	174	1	77	167	
43	1470	person	697	-1	1	44	73	
43	1471	person	643	180	1	78	162	
43	1472	person	697	0	1	44	74	
43	1473	person	643	180	1	75	167	
43	1474	person	696	0	1	45	74	
43	1475	person	639	182	1	77	168	
43	1476	person	636	184	1	77	165	
43	1477	person	634	185	1	75	167	
43	1478	person	632	184	1	75	168	
43	1479	person	629	187	1	74	166	
43	1480	person	629	189	1	72	165	
43	1481	person	626	193	1	72	173	
43	1482	person	621	195	1	72	172	
43	1483	person	620	196	1	69	174	
43	1484	person	618	198	1	67	178	
43	1485	person	614	205	1	68	181	
43	1486	person	611	207	1	70	174	
43	1487	person	608	209	1	72	174	
43	1488	person	608	210	1	71	171	
43	1489	person	599	220	1	73	154	
43	1490	person	597	221	1	73	155	
43	1491	person	596	218	1	71	162	
43	1492	person	594	217	1	69	168	
43	1493	person	640	1	1	71	96	
43	1494	person	590	209	1	73	196	
43	1495	person	639	0	1	71	100	
43	1496	person	586	213	1	75	192	
43	1497	person	584	216	1	76	188	
43	1498	person	642	0	1	64	102	
43	1499	person	581	221	1	76	185	
43	1500	person	576	228	1	74	187	
43	1501	person	573	230	1	75	190	
43	1502	person	569	235	1	77	184	
43	1503	person	569	238	1	76	180	
43	1504	person	653	-6	1	35	108	
43	1505	person	559	237	1	84	196	
43	1506	person	557	240	1	86	193	
43	1507	person	554	239	1	87	193	
43	1508	person	553	240	1	85	189	
43	1509	person	546	243	1	83	189	
43	1510	person	545	246	1	81	184	
43	1511	person	544	246	1	78	187	
43	1512	person	960	0	1	49	0	
44	1513	person	673	159	1	64	161	
44	1514	person	708	-3	1	40	67	
44	1515	person	673	159	1	64	161	
44	1516	person	708	-3	1	40	67	
44	1517	person	673	159	1	64	160	
44	1518	person	708	-3	1	40	67	
44	1519	person	671	160	1	67	159	
44	1520	person	706	-2	1	41	66	
44	1521	person	666	160	1	67	162	
44	1522	person	705	-2	1	43	67	
44	1523	person	659	161	1	72	171	
44	1524	person	703	-1	1	41	67	
44	1525	person	659	163	1	69	177	
44	1526	person	700	-1	1	44	69	
44	1527	person	656	166	1	72	174	
44	1528	person	701	-1	1	43	70	
44	1529	person	647	174	1	77	167	
44	1530	person	697	-1	1	44	73	
44	1531	person	643	180	1	78	162	
44	1532	person	697	0	1	44	74	
44	1533	person	643	180	1	75	167	
44	1534	person	696	0	1	45	74	
44	1535	person	639	182	1	77	168	
44	1536	person	636	184	1	77	165	
44	1537	person	634	185	1	75	167	
44	1538	person	632	184	1	75	168	
44	1539	person	629	187	1	74	166	
44	1540	person	629	189	1	72	165	
44	1541	person	626	193	1	72	173	
44	1542	person	621	195	1	72	172	
44	1543	person	620	196	1	69	174	
44	1544	person	618	198	1	67	178	
44	1545	person	614	205	1	68	181	
44	1546	person	611	207	1	70	174	
44	1547	person	608	209	1	72	174	
44	1548	person	608	210	1	71	171	
44	1549	person	599	220	1	73	154	
44	1550	person	597	221	1	73	155	
44	1551	person	596	218	1	71	162	
44	1552	person	594	217	1	69	168	
44	1553	person	640	1	1	71	96	
44	1554	person	590	209	1	73	196	
44	1555	person	639	0	1	71	100	
44	1556	person	586	213	1	75	192	
44	1557	person	584	216	1	76	188	
44	1558	person	642	0	1	64	102	
44	1559	person	581	221	1	76	185	
44	1560	person	576	228	1	74	187	
44	1561	person	573	230	1	75	190	
44	1562	person	569	235	1	77	184	
44	1563	person	569	238	1	76	180	
44	1564	person	653	-6	1	35	108	
44	1565	person	559	237	1	84	196	
44	1566	person	557	240	1	86	193	
44	1567	person	554	239	1	87	193	
44	1568	person	553	240	1	85	189	
44	1569	person	546	243	1	83	189	
44	1570	person	545	246	1	81	184	
44	1571	person	544	246	1	78	187	
44	1572	person	539	253	1	83	174	
44	1573	person	1.12528e+06	1.12528e+06	1	337	0	
45	1574	person	673	159	1	64	161	
45	1575	person	708	-3	1	40	67	
45	1576	person	673	159	1	64	161	
45	1577	person	708	-3	1	40	67	
45	1578	person	673	159	1	64	160	
45	1579	person	708	-3	1	40	67	
45	1580	person	671	160	1	67	159	
45	1581	person	706	-2	1	41	66	
45	1582	person	666	160	1	67	162	
45	1583	person	705	-2	1	43	67	
45	1584	person	659	161	1	72	171	
45	1585	person	703	-1	1	41	67	
45	1586	person	659	163	1	69	177	
45	1587	person	700	-1	1	44	69	
45	1588	person	656	166	1	72	174	
45	1589	person	701	-1	1	43	70	
45	1590	person	647	174	1	77	167	
45	1591	person	697	-1	1	44	73	
45	1592	person	643	180	1	78	162	
45	1593	person	697	0	1	44	74	
45	1594	person	643	180	1	75	167	
45	1595	person	696	0	1	45	74	
45	1596	person	639	182	1	77	168	
45	1597	person	636	184	1	77	165	
45	1598	person	634	185	1	75	167	
45	1599	person	632	184	1	75	168	
45	1600	person	629	187	1	74	166	
45	1601	person	629	189	1	72	165	
45	1602	person	626	193	1	72	173	
45	1603	person	621	195	1	72	172	
45	1604	person	620	196	1	69	174	
45	1605	person	618	198	1	67	178	
45	1606	person	614	205	1	68	181	
45	1607	person	611	207	1	70	174	
45	1608	person	608	209	1	72	174	
45	1609	person	608	210	1	71	171	
45	1610	person	599	220	1	73	154	
45	1611	person	597	221	1	73	155	
45	1612	person	596	218	1	71	162	
45	1613	person	594	217	1	69	168	
45	1614	person	640	1	1	71	96	
45	1615	person	590	209	1	73	196	
45	1616	person	639	0	1	71	100	
45	1617	person	586	213	1	75	192	
45	1618	person	584	216	1	76	188	
45	1619	person	642	0	1	64	102	
45	1620	person	581	221	1	76	185	
45	1621	person	576	228	1	74	187	
45	1622	person	573	230	1	75	190	
45	1623	person	569	235	1	77	184	
45	1624	person	569	238	1	76	180	
45	1625	person	653	-6	1	35	108	
45	1626	person	559	237	1	84	196	
45	1627	person	557	240	1	86	193	
45	1628	person	554	239	1	87	193	
45	1629	person	553	240	1	85	189	
45	1630	person	546	243	1	83	189	
45	1631	person	545	246	1	81	184	
45	1632	person	544	246	1	78	187	
45	1633	person	539	253	1	83	174	
45	1634	person	535	257	1	74	180	
45	1635	person	1.16813e+06	1.16813e+06	1	321	0	
46	1636	person	673	159	1	64	161	
46	1637	person	708	-3	1	40	67	
46	1638	person	673	159	1	64	161	
46	1639	person	708	-3	1	40	67	
46	1640	person	673	159	1	64	160	
46	1641	person	708	-3	1	40	67	
46	1642	person	671	160	1	67	159	
46	1643	person	706	-2	1	41	66	
46	1644	person	666	160	1	67	162	
46	1645	person	705	-2	1	43	67	
46	1646	person	659	161	1	72	171	
46	1647	person	703	-1	1	41	67	
46	1648	person	659	163	1	69	177	
46	1649	person	700	-1	1	44	69	
46	1650	person	656	166	1	72	174	
46	1651	person	701	-1	1	43	70	
46	1652	person	647	174	1	77	167	
46	1653	person	697	-1	1	44	73	
46	1654	person	643	180	1	78	162	
46	1655	person	697	0	1	44	74	
46	1656	person	643	180	1	75	167	
46	1657	person	696	0	1	45	74	
46	1658	person	639	182	1	77	168	
46	1659	person	636	184	1	77	165	
46	1660	person	634	185	1	75	167	
46	1661	person	632	184	1	75	168	
46	1662	person	629	187	1	74	166	
46	1663	person	629	189	1	72	165	
46	1664	person	626	193	1	72	173	
46	1665	person	621	195	1	72	172	
46	1666	person	620	196	1	69	174	
46	1667	person	618	198	1	67	178	
46	1668	person	614	205	1	68	181	
46	1669	person	611	207	1	70	174	
46	1670	person	608	209	1	72	174	
46	1671	person	608	210	1	71	171	
46	1672	person	599	220	1	73	154	
46	1673	person	597	221	1	73	155	
46	1674	person	596	218	1	71	162	
46	1675	person	594	217	1	69	168	
46	1676	person	640	1	1	71	96	
46	1677	person	590	209	1	73	196	
46	1678	person	639	0	1	71	100	
46	1679	person	586	213	1	75	192	
46	1680	person	584	216	1	76	188	
46	1681	person	642	0	1	64	102	
46	1682	person	581	221	1	76	185	
46	1683	person	576	228	1	74	187	
46	1684	person	573	230	1	75	190	
46	1685	person	569	235	1	77	184	
46	1686	person	569	238	1	76	180	
46	1687	person	653	-6	1	35	108	
46	1688	person	559	237	1	84	196	
46	1689	person	557	240	1	86	193	
46	1690	person	554	239	1	87	193	
46	1691	person	553	240	1	85	189	
46	1692	person	546	243	1	83	189	
46	1693	person	545	246	1	81	184	
46	1694	person	544	246	1	78	187	
46	1695	person	539	253	1	83	174	
46	1696	person	535	257	1	74	180	
46	1697	person	535	260	1	71	180	
46	1698	person	1.16834e+06	1.16854e+06	1	305	0	
47	1699	person	673	159	1	64	161	
47	1700	person	708	-3	1	40	67	
47	1701	person	673	159	1	64	161	
47	1702	person	708	-3	1	40	67	
47	1703	person	673	159	1	64	160	
47	1704	person	708	-3	1	40	67	
47	1705	person	671	160	1	67	159	
47	1706	person	706	-2	1	41	66	
47	1707	person	666	160	1	67	162	
47	1708	person	705	-2	1	43	67	
47	1709	person	659	161	1	72	171	
47	1710	person	703	-1	1	41	67	
47	1711	person	659	163	1	69	177	
47	1712	person	700	-1	1	44	69	
47	1713	person	656	166	1	72	174	
47	1714	person	701	-1	1	43	70	
47	1715	person	647	174	1	77	167	
47	1716	person	697	-1	1	44	73	
47	1717	person	643	180	1	78	162	
47	1718	person	697	0	1	44	74	
47	1719	person	643	180	1	75	167	
47	1720	person	696	0	1	45	74	
47	1721	person	639	182	1	77	168	
47	1722	person	636	184	1	77	165	
47	1723	person	634	185	1	75	167	
47	1724	person	632	184	1	75	168	
47	1725	person	629	187	1	74	166	
47	1726	person	629	189	1	72	165	
47	1727	person	626	193	1	72	173	
47	1728	person	621	195	1	72	172	
47	1729	person	620	196	1	69	174	
47	1730	person	618	198	1	67	178	
47	1731	person	614	205	1	68	181	
47	1732	person	611	207	1	70	174	
47	1733	person	608	209	1	72	174	
47	1734	person	608	210	1	71	171	
47	1735	person	599	220	1	73	154	
47	1736	person	597	221	1	73	155	
47	1737	person	596	218	1	71	162	
47	1738	person	594	217	1	69	168	
47	1739	person	640	1	1	71	96	
47	1740	person	590	209	1	73	196	
47	1741	person	639	0	1	71	100	
47	1742	person	586	213	1	75	192	
47	1743	person	584	216	1	76	188	
47	1744	person	642	0	1	64	102	
47	1745	person	581	221	1	76	185	
47	1746	person	576	228	1	74	187	
47	1747	person	573	230	1	75	190	
47	1748	person	569	235	1	77	184	
47	1749	person	569	238	1	76	180	
47	1750	person	653	-6	1	35	108	
47	1751	person	559	237	1	84	196	
47	1752	person	557	240	1	86	193	
47	1753	person	554	239	1	87	193	
47	1754	person	553	240	1	85	189	
47	1755	person	546	243	1	83	189	
47	1756	person	545	246	1	81	184	
47	1757	person	544	246	1	78	187	
47	1758	person	539	253	1	83	174	
47	1759	person	535	257	1	74	180	
47	1760	person	535	260	1	71	180	
47	1761	person	532	257	1	69	197	
47	1762	person	1.21139e+06	1.21139e+06	1	401	0	
48	1763	person	673	159	1	64	161	
48	1764	person	708	-3	1	40	67	
48	1765	person	673	159	1	64	161	
48	1766	person	708	-3	1	40	67	
48	1767	person	673	159	1	64	160	
48	1768	person	708	-3	1	40	67	
48	1769	person	671	160	1	67	159	
48	1770	person	706	-2	1	41	66	
48	1771	person	666	160	1	67	162	
48	1772	person	705	-2	1	43	67	
48	1773	person	659	161	1	72	171	
48	1774	person	703	-1	1	41	67	
48	1775	person	659	163	1	69	177	
48	1776	person	700	-1	1	44	69	
48	1777	person	656	166	1	72	174	
48	1778	person	701	-1	1	43	70	
48	1779	person	647	174	1	77	167	
48	1780	person	697	-1	1	44	73	
48	1781	person	643	180	1	78	162	
48	1782	person	697	0	1	44	74	
48	1783	person	643	180	1	75	167	
48	1784	person	696	0	1	45	74	
48	1785	person	639	182	1	77	168	
48	1786	person	636	184	1	77	165	
48	1787	person	634	185	1	75	167	
48	1788	person	632	184	1	75	168	
48	1789	person	629	187	1	74	166	
48	1790	person	629	189	1	72	165	
48	1791	person	626	193	1	72	173	
48	1792	person	621	195	1	72	172	
48	1793	person	620	196	1	69	174	
48	1794	person	618	198	1	67	178	
48	1795	person	614	205	1	68	181	
48	1796	person	611	207	1	70	174	
48	1797	person	608	209	1	72	174	
48	1798	person	608	210	1	71	171	
48	1799	person	599	220	1	73	154	
48	1800	person	597	221	1	73	155	
48	1801	person	596	218	1	71	162	
48	1802	person	594	217	1	69	168	
48	1803	person	640	1	1	71	96	
48	1804	person	590	209	1	73	196	
48	1805	person	639	0	1	71	100	
48	1806	person	586	213	1	75	192	
48	1807	person	584	216	1	76	188	
48	1808	person	642	0	1	64	102	
48	1809	person	581	221	1	76	185	
48	1810	person	576	228	1	74	187	
48	1811	person	573	230	1	75	190	
48	1812	person	569	235	1	77	184	
48	1813	person	569	238	1	76	180	
48	1814	person	653	-6	1	35	108	
48	1815	person	559	237	1	84	196	
48	1816	person	557	240	1	86	193	
48	1817	person	554	239	1	87	193	
48	1818	person	553	240	1	85	189	
48	1819	person	546	243	1	83	189	
48	1820	person	545	246	1	81	184	
48	1821	person	544	246	1	78	187	
48	1822	person	539	253	1	83	174	
48	1823	person	535	257	1	74	180	
48	1824	person	535	260	1	71	180	
48	1825	person	532	257	1	69	197	
48	1826	person	529	255	1	76	221	
48	1827	person	1.2116e+06	1.2116e+06	1	385	0	
49	1828	person	673	159	1	64	161	
49	1829	person	708	-3	1	40	67	
49	1830	person	673	159	1	64	161	
49	1831	person	708	-3	1	40	67	
49	1832	person	673	159	1	64	160	
49	1833	person	708	-3	1	40	67	
49	1834	person	671	160	1	67	159	
49	1835	person	706	-2	1	41	66	
49	1836	person	666	160	1	67	162	
49	1837	person	705	-2	1	43	67	
49	1838	person	659	161	1	72	171	
49	1839	person	703	-1	1	41	67	
49	1840	person	659	163	1	69	177	
49	1841	person	700	-1	1	44	69	
49	1842	person	656	166	1	72	174	
49	1843	person	701	-1	1	43	70	
49	1844	person	647	174	1	77	167	
49	1845	person	697	-1	1	44	73	
49	1846	person	643	180	1	78	162	
49	1847	person	697	0	1	44	74	
49	1848	person	643	180	1	75	167	
49	1849	person	696	0	1	45	74	
49	1850	person	639	182	1	77	168	
49	1851	person	636	184	1	77	165	
49	1852	person	634	185	1	75	167	
49	1853	person	632	184	1	75	168	
49	1854	person	629	187	1	74	166	
49	1855	person	629	189	1	72	165	
49	1856	person	626	193	1	72	173	
49	1857	person	621	195	1	72	172	
49	1858	person	620	196	1	69	174	
49	1859	person	618	198	1	67	178	
49	1860	person	614	205	1	68	181	
49	1861	person	611	207	1	70	174	
49	1862	person	608	209	1	72	174	
49	1863	person	608	210	1	71	171	
49	1864	person	599	220	1	73	154	
49	1865	person	597	221	1	73	155	
49	1866	person	596	218	1	71	162	
49	1867	person	594	217	1	69	168	
49	1868	person	640	1	1	71	96	
49	1869	person	590	209	1	73	196	
49	1870	person	639	0	1	71	100	
49	1871	person	586	213	1	75	192	
49	1872	person	584	216	1	76	188	
49	1873	person	642	0	1	64	102	
49	1874	person	581	221	1	76	185	
49	1875	person	576	228	1	74	187	
49	1876	person	573	230	1	75	190	
49	1877	person	569	235	1	77	184	
49	1878	person	569	238	1	76	180	
49	1879	person	653	-6	1	35	108	
49	1880	person	559	237	1	84	196	
49	1881	person	557	240	1	86	193	
49	1882	person	554	239	1	87	193	
49	1883	person	553	240	1	85	189	
49	1884	person	546	243	1	83	189	
49	1885	person	545	246	1	81	184	
49	1886	person	544	246	1	78	187	
49	1887	person	539	253	1	83	174	
49	1888	person	535	257	1	74	180	
49	1889	person	535	260	1	71	180	
49	1890	person	532	257	1	69	197	
49	1891	person	529	255	1	76	221	
49	1892	person	525	267	1	77	201	
49	1893	person	-1.81292e+07	-2.06634e+09	1	513	0	
